quadrotor_env:
   camera: no
   sim_dt: 0.02 

quadrotor_dynamics:
  mass: 0.73
  arm_l: 0.17
  motor_omega_min: 150.0 # motor rpm min
  motor_omega_max: 2000.0 # motor rpm max
  motor_tau: 0.0001 # motor step response
  thrust_map: [1.3298253500372892e-06, 0.0038360810526746033, -1.7689986848125325]
  kappa: 0.016 # rotor drag coeff
  omega_max: [6.0, 6.0, 6.0]  # body rate constraint (x, y, z) 

rl:
  Q_pos: [-0.01, -0.01, -0.01]
  Q_ori: [-0.01, -0.01, -0.01]
  Q_lin_vel: [-0.001, -0.001, -0.001]
  Q_cmd: [-0.0001, -0.0001, -0.0001, -0.0001]